0.450861
0.450897
0.032382
0.029285
0.036004
0.036414
0.056414
0.036016
0.038572
0.037222
0.045411
0.03884
0.036868
0.032935
0.05097
0.044261
0.038411
0.038386
0.048704
0.038117
0.040824
0.037333
0.040115
0.041303
0.036416
0.03704
0.041636
0.044645
0.033443
0.03382
0.043405
0.035341
0.034382
0.034622
0.032096
0.029716
0.034684
0.037561
0.036082
0.044751
0.033224
0.033032
0.036529
0.038481
0.038328
0.036205
0.033922
0.033392
0.036908
0.037309
0.04148
0.031503
0.037587
0.034826
0.034277
0.036984
0.035993
0.037768
0.032316
0.037157
0.034961
0.035726
0.037906
0.039987
0.032387
0.034683
0.036775
0.035432
0.041785
0.035273
0.031684
0.030035
0.037704
0.031465
0.037369
0.03572
0.046267
0.032741
0.034635
0.043747
0.038578
0.035058
0.031895
0.036622
0.035608
0.045916
0.036763
0.030481
0.035157
0.034835
0.03376
0.036044
0.040924
0.036416
0.033045
0.027705
0.039288
0.036946
0.043842
0.042027
0.032386
0.038443
0.034111
0.034595
0.036091
0.036658
0.038123
0.030286
0.035367
0.033666
0.036132
0.040027
0.038726
0.034901
0.033171
0.036307
0.03705
0.038128
0.039333
0.031247
0.034087
0.037447
0.050019
0.034142
0.032313
0.03772
0.036229
0.037938
0.038553
0.033645
0.035554
0.039561
0.045816
0.029959
0.036852
0.036258
0.044398
0.035621
0.0386
0.035581
0.034964
0.034112
0.039802
0.036434
0.034663
0.032588
0.03392
0.033336
0.040606
0.036719
0.038028
0.034842
0.041126
0.042232
0.03976
0.039557
0.038501
0.034793
0.040374
0.033984
0.038135
0.037381
0.04234
0.03393
0.036938
0.036479
0.043193
0.034058
0.036779
0.033776
0.03487
0.035886
0.035463
0.036915
0.034883
0.034245
0.03452
0.03597
0.037177
0.037566
0.0358
0.031872
0.033173
0.038899
0.034493
0.036622
0.038627
0.03229
0.033941
0.032092
0.034596
0.045985
0.036045
0.034088
0.034633
0.033163
0.037848
0.036061
0.038452
0.036979
0.034797
0.037327
0.045756
0.040183
0.030798
0.030418
0.03821
0.035064
0.037763
0.034059
0.041054
0.034586
0.035529
0.031954
0.037652
0.034723
0.035527
0.036636
0.038332
0.032359
0.036812
0.036679
0.036575
0.043346
0.034569
0.032039
0.03564
0.036244
0.034398
0.035471
0.040872
0.037354
0.031144
0.037956
0.039355
0.039867
0.038857
0.034369
0.037869
0.037698
0.036529
0.039615
0.040099
0.052267
0.039384
0.053067
0.036477
0.053294
0.035643
0.038807
0.052653
0.037261
0.038158
0.03517
0.042462
0.036885
0.045925
0.045315
0.04479
0.041214
0.040698
0.031781
0.04171
0.044485
0.044073
0.035399
0.040254
0.039989
0.045269
0.038649
0.053713
0.041061
0.047154
0.046115
0.040249
0.056827
0.038309
0.041941
0.047642
0.036838
0.048408
0.045562
0.040315
0.042135
0.040293
0.034112
0.042426
0.048693
0.036638
0.044115
0.047912
0.049928
0.043902
0.036095
0.041575
0.049699
0.044506
0.050118
0.039233
0.038188
0.046227
0.031296
0.039959
0.039649
0.043692
0.040671
0.047192
0.043397
0.042304
0.043722
0.041171
0.034981
0.035749
0.03304
0.040288
0.047732
0.040619
0.038795
0.051223
0.037425
0.042021
0.041992
0.047703
0.039037
0.047537
0.037575
0.034595
0.037755
0.044004
0.043049
0.03749
0.041211
0.040813
0.034835
0.042199
0.046561
0.036679
0.036423
0.048661
0.037841
0.046856
0.047279
0.038105
0.055062
0.037707
0.052502
0.03382
0.034491
0.050781
0.034816
0.033981
0.044592
0.049226
0.042391
0.039158
0.043862
0.037322
0.043364
0.047344
0.046634
0.044895
0.030336
0.034931
0.033233
0.035395
0.036545
0.044159
0.038935
0.034787
0.041115
0.044851
0.038678
0.036265
0.0353
0.046607
0.040431
0.0427
0.044445
0.037848
0.035953
0.038187
0.04022
0.031677
0.038864
0.036405
0.033599
0.036436
0.036556
0.032849
0.034979
0.037218
0.037428
0.037768
0.03175
0.037358
0.035811
0.037512
0.035297
0.036846
0.031121
0.033467
0.034183
0.034103
0.03806
0.037178
0.036378
0.034498
0.0316
0.036314
0.034065
0.035638
0.037004
0.036634
0.035461
0.034045
0.035192
0.035294
0.034632
0.03677
0.033083
0.03738
0.033091
0.038928
0.032835
0.037633
0.035414
0.035574
0.042521
0.029322
0.031552
0.036367
0.033719
0.033661
0.033122
0.035205
0.034169
0.037628
0.034391
0.033036
0.034727
0.039214
0.034586
0.033236
0.038123
0.034319
0.030376
0.033048
0.035161
0.033021
0.039136
0.036461
0.037333
0.031401
0.032196
0.034177
0.036122
0.031576
0.033936
0.041767
0.033848
0.032685
0.034152
0.030685
0.029713
0.032845
0.038675
0.034192
0.037079
0.033896
0.033267
0.042556
0.043866
0.034312
0.043192
0.035057
0.044884
0.039341
0.032154
0.037984
0.031272
0.036408
0.034013
0.035491
0.04164
0.033181
0.036749
0.035913
0.031516
0.037203
0.032344
0.034765
0.033927
0.033532
0.037995
0.037652
0.033768
0.033119
0.033957
0.038247
0.038305
0.032805
0.034639
0.035434
0.032135
0.037068
0.032131
0.03584
0.044739
0.032916
0.031749
0.033053
0.03527
0.033992
0.031592
0.032871
0.034038
0.031011
0.032596
0.042943
0.033461
0.037004
0.033725
0.051169
0.03587
0.032102
0.030065
0.032553
0.038399
0.040141
0.039713
0.045735
0.038606
0.039891
0.035757
0.036049
0.037838
0.039305
0.045935
0.032544
0.037638
0.034259
0.036091
0.044816
0.032337
0.034388
0.043498
0.037425
0.042958
0.030571
0.036675
0.035781
0.033042
0.040383
0.030258
0.041259
0.034122
0.035727
0.034173
0.045549
0.036986
0.030991
0.030566
0.038793
0.033091
0.038548
0.035087
0.037492
0.034321
0.031095
0.034739
0.033745
0.032951
0.036518
0.034555
0.044968
0.034341
0.038635
0.032634
0.035688
0.03334
0.03746
0.034167
0.040868
0.033062
0.036826
0.035238
0.034482
0.033705
0.036207
0.03554
0.035495
0.035564
0.039057
0.039351
0.589228
0.034657
0.047887
0.051732
0.039581
0.044252
0.044131
0.039293
0.041224
0.040282
0.04639
0.039481
0.038244
0.044865
0.041175
0.04548
0.043561
0.046557
0.041743
0.039391
0.044952
0.039526
0.041254
0.038352
0.039186
0.040998
0.042132
0.039518
0.044968
0.036751
0.040752
0.043386
0.040568
0.045487
0.033164
0.041045
0.040952
0.043222
0.040315
0.040728
0.039833
0.044096
0.04398
0.0405
0.051587
0.040063
0.046435
0.036898
0.044013
0.039575
0.042065
0.043631
0.04549
0.042575
0.039918
0.039298
0.042824
0.037124
0.050722
0.035116
0.042686
0.045494
0.038007
0.057502
0.037579
0.050866
0.044965
0.042374
0.044102
0.046819
0.042372
0.041265
0.043251
0.046805
0.03821
0.049646
0.038314
0.056443
0.040664
0.048184
0.046666
0.048423
0.044608
0.045409
0.036705
0.051979
0.041541
0.053197
0.039388
0.047641
0.040007
0.04373
0.046938
0.048825
0.043468
0.049771
0.039725
0.041972
0.044411
0.048209
0.038594
0.047644
0.04263
0.045198
0.039723
0.050783
0.041584
0.044545
0.037502
0.049734
0.038981
0.048041
0.038776
0.044091
0.040317
0.045439
0.042555
0.052926
0.038699
0.051707
0.039787
0.047624
0.038846
0.044554
0.062956
0.044507
0.052507
0.042532
0.049944
0.042618
0.046767
0.045573
0.047365
0.046018
0.043271
0.051556
0.049396
0.045059
0.044491
0.040997
0.050378
0.038231
0.057349
0.037848
0.052002
0.043789
0.042254
0.045026
0.041617
0.044275
0.048103
0.043669
0.048058
0.044064
0.042519
0.038634
0.048554
0.036616
0.055107
0.036619
0.048027
0.037868
0.043808
0.040353
0.040809
0.042178
0.040022
0.04151
0.047846
0.039078
0.04803
0.036441
0.055871
0.041527
0.056129
0.035201
0.03798
0.051863
0.035818
0.041386
0.042216
0.039462
0.055031
0.049695
0.044719
0.032542
0.035132
0.047526
0.033766
0.037978
0.045191
0.034789
0.040302
0.052422
0.038766
0.040632
0.040151
0.052595
0.035865
0.041873
0.046606
0.03607
0.05326
0.036243
0.050459
0.043323
0.042602
0.045686
0.042345
0.042989
0.041991
0.035924
0.047625
0.035224
0.052668
0.036091
0.043031
0.044203
0.035342
0.04493
0.050271
0.037011
0.05073
0.036359
0.05006
0.041599
0.04014
0.035199
0.045523
0.037197
0.048802
0.039504
0.045683
0.037111
0.046612
0.035077
0.047575
0.037673
0.046675
0.036613
0.045886
0.040212
0.045007
0.043603
0.047372
0.080461
0.035696
0.053789
0.040979
0.04898
0.041992
0.040529
0.040668
0.042383
0.038393
0.050019
0.040852
0.052176
0.035819
0.049317
0.03698
0.056765
0.037064
0.053555
0.038372
0.050203
0.050912
0.043511
0.041685
0.042656
0.037684
0.051289
0.036582
0.057621
0.035108
0.051204
0.041988
0.043134
0.04564
0.042927
0.039041
0.050678
0.040022
0.04369
0.03652
0.055816
0.036162
0.045568
0.037804
0.041516
0.046328
0.043942
0.048173
0.041509
0.039645
0.042435
0.03768
0.04853
0.036224
0.043348
0.045597
0.037326
0.054668
0.036779
0.060024
0.036401
0.042857
0.05093
0.038588
0.051949
0.037145
0.047977
0.03922
0.047384
0.039244
0.045022
0.0471
0.04218
0.035933
0.050822
0.037498
0.051531
0.035858
0.04331
0.040742
0.03801
0.050589
0.036011
0.038949
0.046625
0.035249
0.038746
0.046798
0.036128
0.0467
0.036496
0.052092
0.03608
0.04103
0.043752
0.035495
0.041317
0.043845
0.036049
0.046094
0.045133
0.046047
0.042902
0.049635
0.045259
0.047072
0.054573
0.044654
0.044406
0.041612
0.036144
0.044916
0.045841
0.052145
0.035964
0.040778
0.045553
0.039713
0.047995
0.035619
0.048989
0.042575
0.04312
0.037971
0.042193
0.034477
0.049757
0.031239
0.040505
0.043978
0.034621
0.039333
0.040379
0.035198
0.044972
0.041588
0.035426
0.046215
0.046081
0.049677
0.036934
0.044366
0.042151
0.048141
0.039101
0.041363
0.035899
0.045568
0.035568
0.043313
0.039116
0.04084
0.047369
0.03776
0.07217
0.035304
0.037606
0.046174
0.037055
0.039198
0.039611
0.038028
0.046679
0.036916
0.044106
0.039785
0.04577
0.039641
0.043092
0.050348
0.050245
0.039816
0.047724
0.038176
0.046884
0.045714
0.051487
0.045516
0.051459
0.039752
0.04583
0.035265
0.047113
0.04192
0.040901
0.036912
0.039289
0.040064
0.037337
0.042949
0.046759
0.041533
0.047188
0.042771
0.040218
0.04101
0.040342
0.052389
0.035519
0.040698
0.051883
0.036584
0.041685
0.043636
0.036155
0.048453
0.033142
0.046503
0.038023
0.041614
0.041769
0.044013
0.049696
0.041724
0.038173
0.04555
0.045188
0.044322
0.041573
0.046885
0.041382
0.043882
0.040374
0.040122
0.03956
0.045083
0.038849
0.046981
0.035921
0.042098
0.036555
0.041787
0.042028
0.046691
0.045573
0.040095
0.038657
0.048284
0.04317
0.042471
0.041469
0.043487
0.038903
0.04888
0.037145
0.047892
0.038469
0.046819
0.047702
0.050045
0.042604
0.044956
0.039487
0.050282
0.042482
0.041201
0.037114
0.050007
0.046519
0.043934
0.041752
0.041255
0.038683
0.041622
0.035946
0.046355
0.044048
0.044758
0.043249
0.040921
0.037567
0.048516
0.0387
0.042565
0.040063
0.043536
0.035822
0.041143
0.047586
0.035774
0.037181
0.038085
0.032736
0.052602
0.036474
0.050092
0.034034
0.039376
0.048937
0.04038
0.044736
0.043296
0.043804
0.042036
0.038972
0.03712
0.054382
0.038824
0.045213
0.03923
0.045601
0.042469
0.047147
0.037764
0.036891
0.042736
0.040908
0.045967
0.044136
0.040202
0.056665
0.040601
0.048284
0.036189
0.049113
0.036582
0.044804
0.043311
0.039237
0.038714
0.044343
0.041092
0.049769
0.040053
0.057611
0.039461
0.048761
0.039764
0.048169
0.043735
0.038798
0.037962
0.042443
0.035213
0.042076
0.04361
0.036599
0.045005
0.050779
0.036458
0.0439
0.036877
0.040761
0.032087
0.041249
0.045011
0.03747
0.039169
0.039351
0.03612
0.038897
0.052146
0.037726
0.044095
0.034741
0.037981
0.047488
0.039205
0.042103
0.04035
0.0451
0.046939
0.041156
0.042526
0.041534
0.034989
0.050456
0.038282
0.055515
0.036528
0.045881
0.045228
0.040395
0.04035
0.044162
0.034248
0.046297
0.040429
0.051463
0.035178
0.040203
0.047403
0.038225
0.04132
0.035962
0.032298
0.035354
0.045947
0.032256
0.03602
0.045962
0.032375
0.036701
0.040559
0.032843
0.03822
0.045733
0.034089
0.038938
0.043536
0.041304
0.043023
0.032835
0.041318
0.04244
0.03603
0.039219
0.044399
0.035668
0.038772
0.052131
0.036413
0.039098
0.045766
0.038145
0.037563
0.046419
0.041192
0.04111
0.040295
0.039691
0.040844
0.042013
0.036238
0.041742
0.04367
0.03511
0.046747
0.042787
0.038257
0.03708
0.039309
0.042296
0.038913
0.040156
0.039565
0.040962
0.0457
0.034699
0.036144
0.048514
0.048417
0.043448
0.046132
0.040369
0.047733
0.040841
0.044644
0.038818
0.047298
0.038869
0.043
0.039645
0.040499
0.043254
0.047998
0.052781
0.038206
0.045219
0.034612
0.049989
0.036436
0.04629
0.034913
0.05828
0.044154
0.039335
0.046437
0.041665
0.045456
0.039414
0.037566
0.043374
0.038519
0.042692
0.034914
0.042188
0.048606
0.03919
0.046891
0.036015
0.042396
0.043191
0.048178
0.042158
0.044894
0.041411
0.035972
0.049071
0.036037
0.048811
0.035593
0.051193
0.038855
0.042717
0.039472
0.040395
0.043113
0.0459
0.034898
0.052367
0.037911
0.052672
0.038208
0.045653
0.043088
0.04112
0.044968
0.046177
0.047022
0.042112
0.035448
0.050435
0.037118
0.048438
0.034907
0.057365
0.036809
0.047768
0.040324
0.045285
0.041919
0.041671
0.034277
0.04902
0.040568
0.042208
0.035436
0.037836
0.041909
0.036097
0.038208
0.045174
0.040825
0.038852
0.040404
0.038583
0.042467
0.038369
0.044739
0.042089
0.048695
0.051475
0.046946
0.047749
0.049386
0.043432
0.043809
0.039063
0.050219
0.046237
0.05546
0.038407
0.05829
0.042146
0.046145
0.037577
0.040051
0.043528
0.038159
0.040066
0.048472
0.03735
0.045792
0.044886
0.048446
0.043582
0.044363
0.042255
0.04778
0.03548
0.050348
0.036915
0.05668
0.036057
0.047746
0.040583
0.05777
0.036575
0.039972
0.054827
0.037606
0.05149
0.034608
0.043657
0.045789
0.046405
0.041695
0.044691
0.043103
0.047678
0.041967
0.041523
0.037349
0.043615
0.03801
0.044866
0.037889
0.042272
0.034969
0.047081
0.04077
0.04525
0.034914
0.03972
0.048781
0.041495
0.04029
0.039898
0.048759
0.03765
0.047273
0.034802
0.04649
0.037324
0.048396
0.036466
0.041383
0.03662
0.043128
0.036885
0.046773
0.036291
0.042319
0.043759
0.037652
0.047492
0.037033
0.046861
0.03994
0.051424
0.038346
0.049877
0.0359
0.051628
0.036916
0.048627
0.045799
0.046027
0.03971
0.039754
0.042094
0.0368
0.042914
0.041416
0.046162
0.038655
0.053037
0.0368
0.048232
0.036754
0.052496
0.03726
0.046725
0.037899
0.045816
0.042969
0.050522
0.037744
0.044464
0.052924
0.041588
0.053101
0.037066
0.055405
0.037011
0.048276
0.052048
0.041054
0.04621
0.04188
0.041386
0.045107
0.04997
0.041678
0.043946
0.039656
0.049875
0.041869
0.04239
0.041454
0.044889
0.040588
0.04511
0.042591
0.042459
0.039702
0.048189
0.036795
0.046898
0.046053
0.039726
0.036853
0.047398
0.045234
0.039951
0.034784
0.055683
0.038435
0.049588
0.038424
0.045321
0.038702
0.040154
0.039755
0.044743
0.034329
0.044872
0.038017
0.034947
0.036428
0.043147
0.03905
0.044964
0.035651
0.043441
0.039798
0.040151
0.036719
0.044971
0.041826
0.048174
0.042993
0.048243
0.037905
0.051545
0.037102
0.050283
0.038818
0.05175
0.046107
0.055817
0.045349
0.046021
0.049208
0.05187
0.04736
0.044862
0.048669
0.048698
0.046742
0.038852
0.049615
0.041228
0.049813
0.043743
0.046699
0.048923
0.04922
0.042784
0.0483
0.038153
0.042887
0.039506
0.047958
0.036716
0.055996
0.035812
0.04404
0.043601
0.047404
0.037743
0.041606
0.046242
0.0509
0.035384
0.048537
0.0528
0.039769
0.042963
0.034106
0.051321
0.040226
0.033367
0.057617
0.031846
0.05038
0.039049
0.040067
0.041056
0.045333
0.037506
0.050591
0.036192
0.048592
0.033399
0.041962
0.042141
0.041949
0.046619
0.04259
0.037101
0.043456
0.040872
0.04134
0.041026
0.038352
0.044984
0.048173
0.035401
0.04071
0.052352
0.034253
0.049943
0.03973
0.045898
0.037309
0.046371
0.038384
0.042922
0.035941
0.04829
0.035678
0.051087
0.03433
0.042951
0.041342
0.036443
0.047613
0.052129
0.041652
0.053394
0.040804
0.049801
0.036008
0.041062
0.042778
0.042451
0.038775
0.041981
0.038773
0.04297
0.037316
0.051009
0.0418
0.039038
0.043542
0.040559
0.040535
0.043893
0.042489
0.042266
0.04239
0.035871
0.041902
0.042858
0.042193
0.042585
0.041419
0.044514
0.037357
0.039984
0.041935
0.037072
0.040104
0.043429
0.035558
0.036516
0.042755
0.035563
0.039263
0.045965
0.036897
0.042623
0.048755
0.033527
0.040254
0.048516
0.035486
0.040395
0.043634
0.033985
0.052486
0.036601
0.041975
0.036377
0.041506
0.039773
0.043568
0.036918
0.048152
0.041405
0.040325
0.044416
0.052674
0.038603
0.047982
0.037883
0.044878
0.038557
0.048231
0.040336
0.04777
0.035578
0.048583
0.048659
0.058851
0.040858
0.049497
0.037727
0.052093
0.04313
0.048058
0.042035
0.048171
0.040766
0.047301
0.035986
0.05707
