0.103229
0.048957
0.087676
0.047625
0.08753
0.047166
0.085971
0.048198
0.085173
0.048881
0.088615
0.043157
0.104792
0.049473
0.10664
0.050202
0.093953
0.052058
0.086368
0.053048
0.091441
0.054545
0.104052
0.047376
0.090964
0.0535
0.088653
0.052998
0.087805
0.053718
0.085287
0.052557
0.088128
0.052636
0.087957
0.046325
0.089443
0.053461
0.09248
0.052787
0.089353
0.054076
0.10654
0.054754
0.090501
0.054028
0.106227
0.046511
0.104442
0.050676
0.051865
0.090306
0.049895
0.050114
0.102394
0.050551
0.052908
0.094744
0.050552
0.043377
0.049112
0.050789
0.06924
0.050836
0.048808
0.05339
0.051263
0.050323
0.085024
0.049703
0.081682
0.047593
0.047629
0.102305
0.046671
0.049963
0.076169
0.048234
0.050546
0.078787
0.049591
0.051346
0.102513
0.04806
0.047394
0.0987
0.052304
0.054013
0.104411
0.054348
0.051739
0.109353
0.051217
0.056081
0.108104
0.047736
0.04861
0.08825
0.046654
0.04741
0.085851
0.047016
0.046592
0.083737
0.047685
0.082807
0.048521
0.044675
0.088571
0.053594
0.048806
0.092618
0.048648
0.09393
0.050079
0.052695
0.108133
0.051975
0.050912
0.081605
0.051917
0.055988
0.088765
0.054923
0.050066
0.093923
0.05082
0.051071
0.075098

